image_width: 640
image_height: 480
camera_name: csicam
camera_matrix:
  rows: 3
  cols: 3
  data: [531.939110, 0.000000, 277.655372, 0.000000, 708.799407, 182.857483, 0.000000, 0.000000, 1.000000]
distortion_model: plumb_bob
distortion_coefficients:
  rows: 1
  cols: 5
  data: [-0.356982, 0.110751, 0.006266, 0.004891, 0.000000]
rectification_matrix:
  rows: 3
  cols: 3
  data: [1.000000, 0.000000, 0.000000, 0.000000, 1.000000, 0.000000, 0.000000, 0.000000, 1.000000]
projection_matrix:
  rows: 3
  cols: 4
  data: [448.721771, 0.000000, 266.406005, 0.000000, 0.000000, 674.100952, 179.543856, 0.000000, 0.000000, 0.000000, 1.000000, 0.000000]
