image_width: 640
image_height: 480
camera_name: raspicam
camera_matrix:
  rows: 3
  cols: 3
  data: [666.149888, 0.000000, 280.860339, 0.000000, 885.553969, 218.776882, 0.000000, 0.000000, 1.000000]
distortion_model: plumb_bob
distortion_coefficients:
  rows: 1
  cols: 5
  data: [0.261651, -0.313140, -0.009272, -0.022320, 0.000000]
rectification_matrix:
  rows: 3
  cols: 3
  data: [1.000000, 0.000000, 0.000000, 0.000000, 1.000000, 0.000000, 0.000000, 0.000000, 1.000000]
projection_matrix:
  rows: 3
  cols: 4
  data: [694.567749, 0.000000, 272.573657, 0.000000, 0.000000, 937.578430, 216.294176, 0.000000, 0.000000, 0.000000, 1.000000, 0.000000]
